    i0      i1      i2      i3      i4
u0  1.75    0.75    0       -1.25   -1.25           

u1  2.25    0       1.25    -0.75   -2.75

u2  -0.5    0       -1.5    0.5     1.5

u3  -1.33   -1.33   0       2.67    0

u4  -1.5    0       0       1.5     0

u5  0       0.5     -0.5    0       0

u6  0       0   -2.33       0.67    1.67


u5:     1/ 0.5596468213059272,
        2/ 0.4743416490252569,
        3/ 0.20412414523193154,
        4/ 0,
        5/ -0.23014365447458082,
        6/ -0.2879529968321198

0 0 5
0 1 5
0 2 2
1 0 x
1 2 x
1 3 x
...
